           NA  0.0000000000 -0.6264227920  1.6997625164  0.3908282576 -0.1513749652 -0.7212605072 -0.3120107463 -0.8853040753  1.6213832084
           NA  0.0000000000  1.1124659343 -0.8341288438  0.7908171770  1.4363335374 -0.1874238726 -0.1028274357  0.1373859567 -0.2432954305
           NA  0.0000000000  1.3349015000  0.1694060096 -0.4959652948 -0.7736671197 -0.9869992576 -0.3935026268 -0.8972141536 -2.1122168229
           NA  1.0000000000 -0.3770447952 -0.1231264590  0.6553299841  0.5947289712 -1.4228678436 -0.4550526221 -0.3977167580  0.6184433312
           NA  0.0000000000 -0.7423238927  0.2747954594  0.4076929884 -0.7605997795  0.0878157795  0.2960937469 -0.4157564979  0.8472435820
           NA  0.0000000000  0.1071001307 -0.2414832615  0.4047849342 -0.6188485921  0.2951989362 -1.5156291448  1.1893519375  0.1420216535
           NA  0.0000000000  0.6646745904 -0.5829077177  1.2057000028 -0.4126297072  0.7110547572  1.2753899503  1.9958206723  0.5060368677
           NA  0.0000000000  0.2001405577 -0.2435863031  1.9086124925 -1.3178289406 -1.1855483814 -0.7254923020  0.3423290073 -1.5070865241
           NA  0.0000000000  0.5011707182 -1.8305703777  0.4548571944  0.8373678429 -1.1893056239 -0.8448021040 -0.4491152564 -0.5850755920
           NA  1.0000000000  0.5869810701  0.4987943593  0.6074903134 -0.7638912532 -0.2826309847  0.9661062400  0.0293264216  0.1876789362
 0.9349016999            NA  0.0500078239  0.5698783098  2.4740232668 -0.4965871540 -0.9589273106 -0.7087416058 -1.0488829610 -0.1386236582
 0.4127973496            NA  1.7596903750 -0.5368405468  1.1518572586  0.8299413540 -1.0250873517  0.4509550499  0.2507690987  1.7380750243
 1.8051700152            NA  1.5450918636  1.3571982190 -0.3580632075  0.1275767757 -0.3633548965 -0.2476260306 -0.0433634617 -0.1760282366
-1.0458183488            NA -0.2768774458 -0.9211464193  1.6305473437 -0.1730307773  0.5549158624  0.9398697879  0.4271848821  0.5569375265
 0.8433372324            NA  1.0060475426  1.9471308974  0.5400812387  0.1573756535  0.3843484579  0.8026167153  0.4693460654 -0.3982259382
 0.2014670314            NA -0.2890871550  0.7152752198  0.1602463301 -0.2244796891  0.3665382021  0.5065635017  0.8508567578 -1.0707785007
-0.5162313596            NA  0.6635214067  0.0711859141 -0.7559847829  0.5714438445 -1.3738631657  1.5766183851  0.2576320208 -0.5128796345
-0.6314575229            NA -2.1597495855  0.1885416103 -0.1782304620  0.0675949869 -0.3994311538  0.6430425692 -0.0147752219  0.2415912689
 1.5029126079            NA -0.7547753683  2.3191438495 -0.6822766618  0.7001082143 -1.3302467339  0.3678613303 -0.2449525970  0.0952176385
-1.0258132246            NA -0.3185031244 -0.0975726837  0.9468175764 -1.7021838494  0.0861925332  2.3562816737  0.5317155964 -0.7498179173
-0.3860616910  1.0000000000  0.4116782025  0.9889204182  0.4523111161  0.2043680895  0.3912897437  0.0732886994 -0.4361674337  0.5609447097
-1.1941205418  0.0000000000 -1.0286384267  0.5366177397 -0.6526345941 -0.2543840593  0.0590382507  0.1362347531  0.0042667111 -0.1154002384
-0.2281878049  1.0000000000  0.1389915518  1.0581173046 -0.3268919124  1.0374834668 -0.4544994807  0.1242830064 -0.2304499122  0.7299669390
 1.2200839804  0.0000000000  0.9302561373 -0.5916234141  0.6371854200  0.6437839976 -0.6893165099 -0.4478122544  0.4661926152 -0.7935954897
 0.3028271880  1.0000000000 -0.2053325334 -0.4157100842  1.8793095570 -0.2164130925  0.4951931091 -0.1828206028 -1.0946006912  0.8100955342
-1.4077378913  0.0000000000  0.8733088363 -1.1918676303 -0.2150841418 -1.4066319279  1.9638835498  0.8976149971  0.5398703779  0.2245246709
-0.2259583750  1.0000000000 -0.0453052281  0.1937884209 -1.3524943319 -0.7541621221 -0.8833793297 -2.4815999444  0.1535863737 -2.5742888496
 1.2138046993  0.0000000000 -1.8723257852  0.1381604938 -1.4844552988  0.7584404893  0.5691500080 -0.0536480122  0.7213423817  1.4833971931
-0.3785107393  1.0000000000  1.2872444651 -1.0782627782  0.4344454458 -0.6475569259 -0.3709621225  0.5658955617 -0.9686404320  0.4304453289
-0.1009652146  0.0000000000 -0.3427971683 -0.9634447510 -0.2028600523  0.7427144541 -0.0427903034  0.0254487078  1.0445253364 -1.2258438814
-1.2335023510  0.0000000000  0.6673670653  1.7755210738  1.3707580630  0.5105479651 -0.7447250012 -1.0730468393 -0.1649320992 -0.6828090891
 0.3898938341  1.0000000000  0.0500091408 -1.0352167306 -0.3366163543 -1.3426506952 -0.5420758374 -0.3877219918  0.7916415664 -0.5955592356
-1.3674414817  0.0000000000 -1.1601123823  1.1631762410 -0.0851965177  1.0642822828  0.4247432337  0.9209714000 -0.3676223555  0.0857211824
-0.5443152562  1.0000000000 -0.9207113255  0.5429866726  0.0030563798  0.2233098840 -0.2829350463 -0.4119963730  0.3831112195  0.4989499104
 0.8469730382  0.0000000000  0.4304275806 -0.6307108955 -1.8755611683  0.6292426439  0.4736593809 -0.0012414132  0.6314390013 -0.1820865662
-1.3539663774  0.0000000000  0.5565959415  0.1821445450  0.0645581784  0.1387041899  0.8950643447  0.1315398765 -1.2161735341  0.2887835934
-0.9328211337  1.0000000000 -1.0197371474  0.3400718390  1.1117549843 -0.5104418140  0.5902122079 -1.4470303890  0.1217060928  0.5407935757
-0.5440603597  1.0000000000  0.8358749668 -0.7009871877  1.5754076813  0.0319638215  0.5727079746 -1.4725789425  1.9412293888 -1.6260147528
-1.5785175610  0.0000000000 -0.8679268135  1.2204482097  0.6996268754 -0.2572266771 -1.3577621665  0.3102709265  0.9827221492  1.1907092203
 0.7322567258  0.0000000000  0.2226593772 -0.3408788964  0.5306508295  1.4015745712  1.0060973371  0.4266069700  0.2563866354 -1.6505267727
 1.3079721204  0.0000000000 -0.7007807490  1.3287123931 -1.3002621955 -0.3742614706 -1.9372436644 -0.6600316588  2.0144059396  1.3230643363
-0.9786907720  1.0000000000 -0.6163415971  0.2976398592 -0.3453617455  0.0996105750 -0.8383399322  0.8338174681  0.8118653183  1.3853714275
 0.0117287129  0.0000000000 -0.1324328422  0.9631406644  0.3913421635  0.3731409788  1.1956980420  0.5697498575  1.5479600140 -0.1076242351
 1.5706824298  1.0000000000 -0.5254572980  0.3059372822  1.0297605275  2.6614571814  0.1418178736  0.5224084830 -3.0360607218  0.2221665232
-1.0640756179  1.0000000000 -0.1579055960 -0.3527480489  1.5941794663 -0.7068518965 -0.4038505057 -1.2188642787  1.1470473258 -1.4907437313
-0.7164405192  1.0000000000  0.9993181997  0.8163111360  0.1881028387  0.8863476033  0.3833463050  0.5684619663  0.0608024966 -1.7829012686
-0.6150103093  0.0000000000  1.4691879604  0.4649060273  0.2387359881  0.4644148468 -0.5471102134  0.6499368554 -0.2256040837 -0.0923224891
-0.1905083159  0.0000000000  0.7714213568 -0.6742366080  0.5244334927 -1.1439041657  0.0449402521  2.4703818985 -1.0985955733 -0.5022899056
-0.5712570916  0.0000000000 -0.6745175476  3.5197824978  1.9859024317  0.1485083569  2.1640764427  1.2801632422 -0.3437193347 -0.8472834693
 0.9059693184  0.0000000000 -2.2065301229 -0.2774357466  1.3946638685 -0.4097993299 -0.3546480225 -0.5654380159  0.5384598918  1.5498295174
-0.1073372647  0.0000000000 -0.2690420579 -0.2175722838  0.0329859287 -0.2020153341 -0.2271822925  0.2309761926  1.2858915587  0.6083629810
-1.2261375454  1.0000000000  1.0997588397  0.8906263131 -0.0030174998 -0.0073817494 -0.6221838549 -0.5039314877  0.2696802453 -1.3238552084
-1.1749401590  1.0000000000  0.2983858533 -1.1426771484  0.4697489615 -1.2639703793 -1.2039648951 -0.1517232710 -1.0395086208 -1.3468051457
-0.3786526885  1.0000000000  0.9253576914  0.2196239128  1.1888466182  0.2333098927  0.5934945350  0.9464684655  0.6532820737 -0.7306348083
 2.2354817938  0.0000000000  0.6524737144  0.1790794782 -0.4006858296  0.0265799818  0.5337361743 -0.8680795993  0.3445642888 -0.8337384483
 1.6408052406  1.0000000000  0.0334040485 -0.8140131253 -0.7023124808  2.0857683989  0.4538759369  0.1751188678 -0.2761466127 -0.6168337296
 1.3327583918  1.0000000000  1.6898889908  0.8095199221  0.5898847129  0.4393848732  0.7883125875  0.2549933289  0.4423136931  2.0726066777
-0.9752008149  0.0000000000  0.5782198982 -1.4988282199 -0.2106175114  0.5637026710  0.9252552252 -1.1584337330  0.5919405264  0.0321873561
 0.3602947413  1.0000000000 -0.5646386788  1.3499440024 -1.6238916164  0.9672024927 -1.1690102497  0.7615561223 -0.7111372395 -1.2326991171
-0.4773508176  1.0000000000 -2.1930096210  0.5170954784 -0.2600487942  0.2638446958  1.0142281796  0.0712226606  0.1205831651  0.5516705629
-0.9941568893  0.0000000000 -1.3571024806 -0.7630337475  0.1297088154  1.3617600695  1.3804438248 -0.2307334256  0.2828862779  0.3040485713
-0.9503379847  1.0000000000 -0.8528070346  1.0075002964  0.5427150071  0.3673430547  0.3108779462  0.1724032629 -1.3058499873 -0.4878208159
 2.1741673691  1.0000000000 -0.0131488815 -1.2443747056 -0.4701821203  0.7253655232 -0.2079224087 -0.2368771819  0.4301854135  2.0578971223
-0.6011358096  0.0000000000 -0.0753611039 -0.4151558060 -0.1659458813  1.1674313330  2.5508990323  0.5630016772  1.7530982022 -0.3928247774
 1.9290294506  0.0000000000 -1.2718781174  1.1335541254 -0.3684531591 -0.4952266116 -0.3927713427 -1.5686570502  0.2958110197  0.6842288802
-1.1509701918  0.0000000000  2.1173283754  1.0132520818  0.8222967174  0.5376493618  1.5257589897  1.0885266924 -0.2071651135  1.5791123000
 0.7049594770  0.0000000000 -2.4550062803 -1.0920858606 -0.8574616230 -1.5751048269 -0.2789856002 -0.3654900563 -0.1160145157  0.6549092321
-0.3791308091  1.0000000000 -1.4281331102  1.3978104003 -1.5529727631  1.3230181701 -0.3895418761  0.9250890264 -2.6820627856  1.9212037173
-0.4172310170  1.0000000000  0.7056600355  0.9320284295 -0.5148905802 -0.9482562403  0.4013627331  0.6263396815  0.5978445184  0.2911774140
 0.6872524468  1.0000000000  1.3701948977 -0.9273535468  0.7181939534  0.4901533624  0.9517467679  1.0158540328 -0.9680874396  0.3905493130
 1.6745259694  0.0000000000  0.1680850516  0.7308432866 -0.3628721951 -1.4115731748 -0.0732453913 -0.7478571456  2.5627323873 -0.3264962755
 0.0011660630  0.0000000000 -0.1139973685 -0.8981958372  0.7806544596  1.4313461778 -1.7583107790  0.3889888212 -0.0369193100 -0.5847168454
 1.3136550168  1.0000000000  0.4482710098  3.1035931388 -0.8913435199 -0.2635150278 -0.1195744493  0.5099254324  0.6654043800  0.7456511341
-1.3036260897  1.0000000000 -0.3378817212  1.2739096403 -0.9113916796 -0.4115005100 -0.8564069576 -0.2382003490  0.2110187292  0.0325331020
 0.0004288689  1.0000000000  0.8617681804 -1.6882885719 -1.0793867119  0.3295854011  0.4683745868  0.7489963388 -0.3926839076 -0.5914669663
-0.8466210618  0.0000000000  1.0560130830  0.5231671086 -0.8963992807  0.3909732275 -0.6650975063 -1.2684386605 -0.1113670968  0.5763008299
 1.2636578598  0.0000000000 -0.6678482256  0.3116820895  0.3799276056  0.6263601506  2.4907665588  1.0911070034  0.4819622015 -2.5239700012
-1.3827888514  1.0000000000 -0.2188957850 -0.1723272955 -2.3773076877  0.8453676657  2.1399202470  0.0028003906 -1.6267069123  0.2510280753
 0.0319784764  0.0000000000  1.8588900781 -0.4817278124  0.4426221447  0.8767125247  0.1084668042  1.0915749263 -0.7479019867  0.5549518387
-0.4557283424  1.0000000000  0.8118223497 -0.4194769628  0.9115602239  1.8093309790  0.2162000893 -0.4772215438  0.9475938409 -2.2874329195
 1.1671018226  1.0000000000 -0.4953626648 -0.0926053662 -0.3410722592  1.6103050326 -1.3349126601 -1.1379665132  0.8899031601 -1.2297419244
-0.5999127805  1.0000000000 -0.5597621952 -0.8506897157  0.6662091248 -1.5873724436 -1.2682046384 -1.5116173509 -0.7359034809 -0.7978353110
-0.5551568010  1.0000000000  0.4083094491  0.4310420152  1.2871623374 -0.8738490760 -0.1193012940  0.2246004410 -0.6532868686 -0.8959963711
-0.1335148489  1.0000000000 -0.3992160775 -0.0868227577  0.6786612243  0.5623606436  0.0816282820 -1.0137222696  0.2377128483 -0.3786596685
-0.9483144152  0.0000000000 -0.1359970343  0.0518428329  1.1069697427 -1.4436474037  0.1762578379  0.0092730362 -1.2404297807 -0.4287024174
 0.6694712007  1.0000000000  1.1919297881 -1.6386682090 -0.8085159013 -0.8961294379 -1.4259999832 -0.3708208843 -1.2766304230 -0.3440180193
 1.2597247177  0.0000000000  1.9678782817  0.9992416476  2.0555715101  0.2776201956 -1.1439267010 -1.1420726976 -1.7868386262 -0.3292201654
 0.5429345391  1.0000000000 -0.5956544077  0.5547742895 -0.1195869678 -0.7616481601 -0.9816911112 -0.4860618168  1.2740172604 -0.2475907925
 0.0099215219  0.0000000000  0.4019331146  0.5094235966  1.0608730180  0.2035390454  0.4170242056 -0.4107041586  1.4931326498  0.2674126069
-0.6371535455  1.0000000000 -0.2172944996  0.9273449929  0.6576153062 -0.1481173816  1.7550843809 -0.5399891657 -2.1962534777 -0.3697773412
 2.5606835118  1.0000000000  0.0488905252 -1.4735167676 -0.1934884839 -0.8893339950 -0.3967006564  0.5691962344  0.9806005263  0.7977268277
 0.4691034024  1.0000000000 -0.4169845841 -0.3857443456  0.7926706777  0.8050384026 -1.2002608883 -0.5981188813  0.1490618950  0.4775236603
 0.2704257817  0.0000000000  1.2775744659 -0.3774023758  0.0327019096 -0.5761911632 -0.0020432770 -1.8559816063 -1.0441034113  0.2684764846
 0.0144663805  0.0000000000  1.7685380930 -0.5540504732  0.4304316026  0.1893860688 -0.8577669649  1.1594022513  1.3508650861  0.7807135535
-0.0509188385  0.0000000000  0.8176871514 -0.4672859448  0.2044664126  0.0464771659  2.4426528155 -0.2664621201 -1.1663944087 -0.0869206326
 0.3336661754  0.0000000000 -0.6673747679 -0.5789154512 -1.2616229377  1.0653558611  0.7043462634  0.0804090143 -0.4644529929 -0.0333186532
 0.9176043634  1.0000000000 -0.4823489485 -2.6490222074 -0.7488379759 -0.3893125482  0.8098990639  0.4807108270  0.8224870318  0.5318692802
-1.3523423059  1.0000000000  0.1876498587  0.4140745830  0.4311902615  0.3064749745 -2.0505090686  1.1291459708 -0.7547390726  0.1289676677
-0.3174071508  1.0000000000  0.2548998303 -1.1096438600 -0.9021292787  1.1901549247 -0.1536944382 -1.6363165200 -0.3790482784 -0.0127622962
-1.2593094868  1.0000000000 -1.6019732799 -1.1727868193 -0.0055925921  0.7873990681 -1.2036941246  0.0388983018 -2.4671081308 -0.8599871984
