           NA  1.0000000000 -1.1204636124  0.3417532811 -0.6545850269  0.9830430025 -0.1221974070 -0.2979178216  1.1357393079 -0.1939902389
           NA  1.0000000000 -0.0332855218  0.2491300680  1.0035252600 -0.0040902534  1.2918997717  0.0045568673  0.2021300358  0.9580346875
           NA  1.0000000000 -1.1500969074 -0.3309242100  1.1937015578  0.2612726906  0.2854612126 -1.9192605903  0.5325044918 -0.5478095574
           NA  0.0000000000  0.7371053251  0.3532632801 -0.7660227986 -2.0447657166  0.4239630873 -0.9991266389  0.0841361131  0.1262552284
           NA  0.0000000000 -0.9480004791 -0.8372591998 -0.5574110845 -0.1498760902  0.0193140270  0.8395814177 -0.3082005678 -0.1523532077
           NA  1.0000000000  0.1660991715  0.0818349935  0.9453423917  1.0197945917  1.9002568608  1.1152325395  2.0100405763 -0.9180030775
           NA  0.0000000000 -0.3177557620  1.1970198839  0.3912611389  0.1410002092  0.8274525651  1.4339891061 -0.3201791527 -1.5286431312
           NA  1.0000000000 -1.4973884813  0.0548472076  0.4039604963 -1.0781781620 -0.1801222388  0.1888712252 -2.2027201996  0.2698936396
           NA  1.0000000000  1.0243461791 -0.1065319818  1.0931055262  0.5108190196  0.9085008793 -0.2025848551 -0.3996176293  1.0618476302
           NA  0.0000000000  0.1577881239 -0.4672742723 -0.6768469713 -1.9093822726 -0.5490965791  1.4289234859  0.3510254447 -1.4412462355
 0.4043634487            NA -1.0360362918  0.6201486404  0.0044622697 -0.1081321264 -1.8533757145  0.5755492231  0.6010364518 -0.4934218523
 1.0059417813            NA  0.1870556568  1.2116275942  0.1965074061  0.1768691947  0.4368687488  0.2412271085  0.3266424249  0.2763937764
 0.4283053885            NA -0.1860456135  0.9117591916  0.7146514390  0.7135125126 -0.8565919674  0.2303815846 -0.8518654184 -0.2262921799
 0.0996400001            NA -2.4855753142  0.1393357219  0.5007218736 -1.0164831298 -0.8932013131 -0.5122101257 -1.7620670002  0.1761475886
-0.2506058455            NA  0.6663533848 -0.9643210213 -1.2197080840  1.3083396569 -1.7524133601  0.3276126411  0.1966265934  2.1526117824
-0.9296351533            NA -0.0023662937  0.5807248593  0.4744586376  0.2620871220 -0.9109174315 -1.4574593896  0.7331875504  0.9637476278
-0.6117060050            NA  0.1681629317  0.2123758519 -0.7187700206  1.2382551492 -0.7958215808  0.4120877758  1.2425965331 -0.1187276077
 0.3792589011            NA  0.6306096220  0.5809964626 -2.4180171259  0.3514683092  0.6585908470  1.9040527518 -0.3575163833 -0.5048181627
 0.0731000163            NA  0.0237759611  1.5710462528 -1.9491290983 -1.1066432455 -0.6462199061 -0.6963274894  1.2408600352 -0.4027183981
 0.0025581959            NA -0.3541542527  1.7432613392 -1.4484489274  0.9090654497 -0.8501989106  1.0527216453  0.9369325842 -1.0099536509
 0.9621942206  1.0000000000 -1.7341493433  0.9654860622 -0.4214977223  0.7089042539 -0.1431653960  0.0777058093  1.2355860817  1.0488717242
-0.4042013570  0.0000000000  0.5617781825  0.4135084526 -1.1216236860 -2.2512349210  0.4511534281  1.0019446190  0.8746800506 -1.9296765706
-0.6829332760  0.0000000000  1.3955067725 -1.5520421748  1.8501948008 -0.8354305708 -0.4132164726 -0.6724224337 -0.7648688522 -0.5286541331
-0.0070705141  0.0000000000  0.6668766180 -0.9153427860 -0.6696445550  0.5870119271 -1.1674861869  1.0422114752 -0.5180814289 -1.0271056489
-0.2803109044  0.0000000000  0.9570970288  0.6864728899 -1.8860150160 -0.5370717049 -0.5433641534 -0.8077588541 -1.1369705483  1.4676907159
-1.2855709131  0.0000000000  0.1403444379  0.9188747125  0.8473654674  2.3329489938  0.6149453302  1.4494546587  1.8083766849 -1.1799622107
-0.5720562460  1.0000000000 -0.3421378168  0.7677784112 -0.7298917978  1.2371641620 -0.1907994966 -0.1173803168  2.1034424552  1.0348457049
-0.4281655961  1.0000000000 -1.9171588245 -0.3957487271 -0.8454527405 -1.5382133799  0.0582335771 -1.9760828393  1.9241671933 -1.8628150330
-0.3626657968  0.0000000000  0.6470082435 -0.6179197489  0.2587168071  1.3302258661  1.0165765075  2.1713341444  1.5406724210 -0.1265056233
-0.9322816942  0.0000000000  0.5110177627  0.3898059541 -0.1165791102  0.9191800994  0.1993657046 -0.0847815719 -0.8531705345 -1.0372239844
-0.3372678382  1.0000000000  0.3979347803  0.3207043413  1.8169441712  1.3279692122  2.2431334650  1.1552677143 -1.1140937342  1.6006804458
 0.7872328727  1.0000000000  1.0599554044  0.9825593781 -1.2431897699 -0.6170167149  0.4445514655  0.2486353413  1.7888079974 -1.0321981199
 0.0610465507  1.0000000000  0.1454856819 -0.4658150003 -1.4837432391 -1.3063798579  2.4343897432 -1.4281870601 -0.3556508753  0.2021393684
-0.6122872805  1.0000000000 -0.1563378404  0.8572114375  0.7368898481  0.4606985931 -2.7848458914 -1.4492056895 -0.1774940024 -1.1522102392
-1.5377586411  1.0000000000 -1.2731880514  0.9012852334  0.9817965061 -0.0780006475 -0.7710549181 -0.8416999168  1.6252424255 -1.2163633583
-0.8469111132  1.0000000000 -0.1724778384 -0.3856446505 -0.2102629824 -0.8922760633 -0.0793472183 -0.4890396232 -0.6694283940 -1.0193388155
 1.4651137955  0.0000000000  0.4109887992 -0.6657057223  0.0949214128 -0.1965419976 -0.4546704479  0.1694508442  0.2046739703 -2.0972968889
-0.0364611585  1.0000000000 -1.0722683997 -0.7997295454  0.4947826256  0.2336318727  0.7978659577  2.0372446170  0.0604178343 -0.1628709957
-0.2755249094  1.0000000000 -0.5953021231  0.2495925946 -0.1111831565  0.7827277601  0.0037195224  0.4081491748  0.1018492622 -1.3437671232
 1.2115012819  0.0000000000  0.1291387095 -0.5473055124  0.0706425516 -1.3364492356  1.0692531236 -0.6759618625  0.7721434776 -0.8271356202
-1.4633706052  1.0000000000  0.2714394870 -1.2736452008  1.2738419972 -2.3328336073  1.3526983294  1.1572418960 -1.4152885042 -0.6077666175
-1.2164413384  1.0000000000 -1.0347626948 -0.4273611033  1.0888341216  1.3678135544 -1.5345326115 -1.7465186172 -0.8406475849 -1.6200339616
 0.8075099222  1.0000000000 -0.1767221476 -0.0245604905 -1.2542356477 -0.2799535245  0.9399078615  1.4637115173  1.0108375094 -0.3898988531
-1.0088793862  0.0000000000 -0.7342526628 -0.2255231672  1.1513357055 -1.2703555181  0.5058085145 -0.2982810063 -1.0529219411 -1.9904910801
-1.0321017772  0.0000000000  0.2081357122  1.4207994381 -1.0921362854 -0.3327079172 -0.5146849903 -1.2767220349 -0.6280899375  1.3299592005
-0.8134299516  0.0000000000 -0.9360195916  1.0876851521 -0.0204855831 -1.0988915358  0.0298580807  2.1135422617  0.9800427016 -0.4270664508
 0.9520371111  0.0000000000  1.6705199156 -0.6105898636 -1.1036812001 -0.4646944930  0.0766536483 -0.3845623416 -0.2814620434 -1.3893308616
 1.2404214106  1.0000000000  1.6963461532  0.8310799224  0.2770582509 -0.2461516221 -0.1690782621  1.0029977927 -1.4621871323  1.2710571038
 0.4199023140  0.0000000000  0.0423639441 -0.7505852343  0.5463931042  1.2701961114  0.9845696106 -0.5947817073 -0.1802842028 -0.5676192062
 1.5976032675  0.0000000000 -0.9195751570 -1.0370578892 -0.5830131408 -0.0603124321  0.3878844852 -1.5694084806  0.4373323140  0.0751757221
-1.5473041503  0.0000000000 -0.3576198646  0.0149362924  1.1641764222 -0.1715226477  1.0634339356  0.4054605808 -0.7461384752  0.0002316765
-2.1645567815  1.0000000000 -0.6804502853 -0.1161201498  0.2538709261 -1.1599227602 -0.1341925626  0.5228135900 -1.0055814241  0.6209954126
-0.5903795167  0.0000000000 -0.2140128347 -2.1243217623 -0.5755386487  0.3787733997  0.2266631814  0.3506375753  0.9604263656  0.3564386162
-1.8709885710  0.0000000000 -0.5961790107  0.1723070197 -1.3472990642  1.1274203993 -0.9923906703  2.9790070151  0.8014382873 -0.9386921827
-0.4153755089  0.0000000000  0.8070872000  0.3647320008 -0.2657712621 -0.6386783265 -0.9785898284 -1.6408367798  1.1187787824 -0.4622884411
 0.5533439294  0.0000000000  0.4531581101  0.5304791370  1.1030760358  0.1347143790  0.2894919234 -0.4552250651  0.5896479234 -0.1808414280
-0.8473119246  0.0000000000 -2.5800249303 -1.3409154115  1.3710599623 -2.8201118161  2.6346531544 -1.2659440719  0.8009176498  0.3465931107
-2.7718793240  0.0000000000 -0.6741032117 -3.2380737003 -0.9212997148 -1.3422073644 -0.3359793211 -1.4693398230  0.1547444317 -1.9681103389
 1.3270692610  0.0000000000  1.3314163741  0.5919556861  1.8302248564 -0.6651088383 -0.3622752931 -0.7331895254  0.4442575616 -0.7533371072
-0.7459073570  0.0000000000  0.0940826500  1.0413506585 -0.7069196666 -0.2549921027 -0.8643595418 -1.0744021459  1.0295432679 -0.5120337975
-0.9838564781  1.0000000000 -0.5052665008 -1.4773745959 -0.3656711802  0.5197303094  0.5634742835 -2.1111088119 -0.8066470084  0.4871037014
 1.7236768644  0.0000000000 -0.3190979170 -0.2316733469  0.9404913990  1.5963168324 -0.0777165371  1.8637033618 -0.4780398742  0.1353208154
-1.7253413409  1.0000000000 -0.0606001249  0.4122387734 -0.0470950036  0.5754061312  1.8384775753  1.6607897589 -0.0404165304 -0.1676783804
 1.1385788195  0.0000000000  0.7380678077 -1.0029415610 -0.2481589357  0.1562992081  1.7148083736  1.8414748823  1.6858384198 -1.5827801349
 0.4258728340  0.0000000000 -0.2828274650  0.1136128523 -0.9264496117 -0.8174807731 -1.4763787970  1.2942344804 -0.1853430875 -0.1929846750
-0.4509007536  1.0000000000  1.3900775530  0.7861815401 -0.1663256495 -0.5449682869  0.9708453923 -1.8484813357 -0.1594645762  1.1376004453
 0.4177863767  0.0000000000  0.3865839786 -0.3511159400 -2.3166510883  0.8259723311 -0.0652164324  0.2311727776 -0.9882479020 -2.1026091257
 1.2433097130  0.0000000000  1.5328993326 -1.1733989495  1.1913524354  1.1518742870 -0.0525346361  0.7289334620  0.9627943766 -1.3315286082
 0.5275399974  0.0000000000 -0.5010073471  0.8621747465 -0.9524981582  0.3232493447 -0.6829381846 -0.4169462713  1.2108112227 -1.7757090741
-0.4688893296  0.0000000000  0.8194466965 -0.5806142123  1.6897776880  1.7964537272  1.7074558423 -0.5209274696  1.3608536403  1.1231288932
 0.2580886857  0.0000000000  0.1385969315  1.0567302290  1.6088452009  1.6088801832  0.6863802866  0.4060496932 -0.3548895077  0.3994454671
 0.4650209747  1.0000000000 -0.3023567726  0.7467291651 -0.1619973631 -0.6292954327  0.5230153983  0.0038179256 -0.2539485331 -1.0632246405
 0.1349039495  0.0000000000  0.4443314071 -0.3674148143  0.4034436624  0.4967800329  0.0456972760  0.9400014683  0.6146849537  0.1703376882
 0.6570022309  1.0000000000  0.9806096634 -1.1691229452 -0.3748521497  0.7493297298  0.0641980363 -0.9251421344  0.4158012017 -0.6518974452
 0.8059110952  0.0000000000 -0.2879037638  0.8034264599 -0.4387538032 -1.1413317599 -0.1985113967 -0.5655802916 -1.3761508997  0.7603121091
-0.1605230372  0.0000000000 -0.6143380125 -2.7948170038  0.0598353568 -2.2583733088  0.8180568102  1.1419567489 -0.1141505073 -0.6856322754
 0.7752288267  0.0000000000  0.8149410794 -0.5702779490  0.5269395998 -0.7933867472 -0.1598181934  1.1074510324  0.2262873617  1.7792582646
 0.7633339069  0.0000000000  0.4872821457 -0.5952281365  1.4540255074 -2.0373186958  0.0267318850  1.1131227145  0.5071519281 -0.8217784888
 1.0687802228  1.0000000000 -0.2362959148  0.5576292482  0.2078167826  0.7842920752 -0.0273022923  0.2714132353 -0.2825866439 -0.8835414369
-1.0877791978  1.0000000000 -0.4592173154  0.0531913582  0.9744683743  0.1653390698 -0.4776856937 -0.5005126444  0.9288738169 -0.2452418988
 0.5892683088  0.0000000000  0.2211141433 -0.7678779308  2.0519650725 -0.5121477192 -1.2729084396  1.8678215726  1.3621720848  0.9852637237
 1.1917557442  1.0000000000 -0.8068756373  1.4009812057 -1.0038423028  0.5857692111 -0.1843432460  1.0052303365 -0.2045760544  0.7523906094
 1.2914567960  0.0000000000 -0.2814308790 -0.7968732893 -0.0612585262 -1.1584169435  0.5942962353  0.5660449851  0.0056948965  0.5065856547
-1.1530479626  1.0000000000  0.2906345625 -0.9752390105 -0.1668672912 -0.1576778128 -0.1415877192 -0.4880967264  0.5066977766  0.2043464794
 0.3073155809  0.0000000000 -1.4037151731  0.7852058140  0.6536053777 -1.2684890802  0.0334769895 -1.2467459776  0.9839502603  1.3919725864
-1.0886007633  1.0000000000 -0.1665271341  0.0250173866 -0.3611506619 -1.1082073934 -0.0939254046  0.7799179536  0.0208618459  0.6868196179
 0.4361027605  0.0000000000  1.5843564681 -0.3591373646  1.3431053339  1.0864734090 -0.4798304172  0.2670451711 -0.4701651389 -1.7671139829
-1.6975798301  1.0000000000 -0.9434200328 -0.5802878858  0.7746443296  0.4421550127 -0.2541352280  0.5615616971  1.4496206147  0.7163923732
-1.6973432968  1.0000000000 -0.5809803742 -1.6242111762 -0.5896809617  0.2930687546 -0.2935308612  0.5368741429  0.7479127031 -1.4527741660
-0.5531579449  0.0000000000  1.0816963690  0.1026627734  1.0279812590 -0.0433968323 -0.6568302534  0.6387445766  0.5148628802 -1.2057608810
 0.0374359786  1.0000000000 -0.9492945121 -1.2657456851  0.4827773607 -0.4515322853  1.3422663862  0.9747569731  0.4300587256 -0.4108881643
-1.4531901774  0.0000000000  0.3250388685  2.4629305972 -0.1782202901  2.2274116137  0.4820349850 -0.2383067212  1.3013655299  0.0144360334
 0.5650125100  0.0000000000 -0.3975486285  1.8401197726  0.5956889639  0.6172929442  0.9920017485  2.2124388940 -0.8547919346  0.3831474792
-0.8339703237  0.0000000000  1.3406355240 -0.9880097631  0.5955566529  0.7973739417 -1.4307333508  0.4454393417  1.6874562519 -2.5494019771
 0.9942437161  0.0000000000 -0.6230461684  0.0114824871 -1.0285081363  0.7336804666 -1.0617470535  0.0360027643 -0.7093935724 -0.6653933948
 0.4894141258  1.0000000000  0.3012780011 -0.4524647285 -1.4922319446  0.6535299169  0.4049962450 -0.6458571021  0.6701879732 -0.6352057006
-0.6886907948  1.0000000000  1.2674433548  0.0388799291  0.0007794200 -0.5484144432 -0.5964258558 -1.2794031017  0.8316853783 -0.4313461705
 1.3451825233  1.0000000000  0.8330610427 -1.8219411533 -1.3778384502  0.4667142685  0.4877069458  1.2833112268 -0.3553879137  0.5018773910
-1.1272404005  1.0000000000 -0.9534396045 -0.0630192027 -0.1302606700 -1.2456611379 -1.3661019577  0.2119064792 -1.4017085370  0.3748844539
 1.7211551472  1.0000000000 -0.5339542101  0.6968097917  0.1620719991 -1.4471681892  1.1819990417 -0.6193702519 -0.8251891902  1.0003864503
