           NA  0.0000000000 -1.1793182487 -0.1444696461 -0.3213671026  1.0704035958 -0.9811249932 -0.4133742419 -0.3543099816 -0.3302885484
           NA  0.0000000000 -0.9160390551 -0.3119463723 -0.7360864222 -0.8725103460  0.0944240717 -1.4100929308  1.6711717470 -0.3528826539
           NA  0.0000000000  0.5521967998 -0.7896783582  0.5586322404 -0.1360751992  1.8005977522 -1.2489143974  1.2725144393 -1.4586970208
           NA  1.0000000000 -0.9447882673 -0.5883113596 -0.3867357186 -0.3682292540 -0.2335089898 -0.9572694974 -0.1967722883  0.0371265152
           NA  0.0000000000 -0.9326984155  0.4826667129  0.5829828868  1.1234096675 -2.3672810698 -0.3536235141 -0.0008142026 -0.0771906439
           NA  0.0000000000 -0.6522805871 -0.3910016984  0.8941117580 -1.1809629284 -0.2206473853 -0.3868630887  0.0120493849 -0.6749802793
           NA  1.0000000000  0.3467845314 -2.2332396789  1.0989339601 -0.4763783594  1.1097282401 -0.4568460227  1.6929421920 -1.3162146411
           NA  1.0000000000  1.1500628385 -1.3498304902  0.9612075159 -1.0370903667  2.1811594650  1.0863562975  2.4192922072  1.4392627385
           NA  1.0000000000 -0.5716901006  1.1904404547  0.3622022704 -0.2795749112  2.1529602771  0.0344844552  1.1963462946 -0.1383765290
           NA  1.0000000000 -0.6552020123 -0.4994815624 -0.5950445306  0.2580389444  1.3011523072 -0.3841103818  0.3988464799 -0.6840769306
-0.7986699026            NA -1.5811608765 -1.1037540511  0.2353635270  0.2824748755  0.3347565741 -0.2169169489  1.3189743253  0.2453474718
-0.1815294127            NA -2.5695835465 -1.3426058783  0.6059224761  0.4092154568  0.0315512730  0.3256063723  0.2374007971 -1.4173351606
 0.7541944689            NA  0.3984977959 -1.3308046929 -0.4675650592  0.3840486476 -0.5410196708 -0.8405878159 -0.6238838506 -0.6980922112
 0.4685016770            NA  0.9511119892 -0.4558186644  0.3308094916  0.2898073795  0.0652679015 -0.8990157155 -1.8341392487 -0.1050779707
 2.3300139931            NA -2.0651723266  0.5704013477 -0.4839041202 -0.2197004833  0.5694010652  2.4545990357  1.0525304254 -0.6879946753
 0.7164820167            NA -0.5640408706 -1.4782665794  0.1733107566 -1.4406026715 -0.0684577745 -1.4129331323  0.1456381197 -0.2332030907
 0.7498126679            NA  1.0827579218 -0.3856066366  0.5370433722  0.8086514224  0.0056192731 -1.1196411303 -1.0767784558 -0.4163806787
 1.4506103776            NA -1.0443038240 -1.1021368882  1.0204625058 -0.6729105867 -0.6152455831  0.3332833403 -0.7101027770  0.9350990841
-0.4104387679            NA -0.1414183454 -0.9587431322 -1.3475472730  0.3297285549 -1.7220100901  0.2928803156  0.7143766315 -2.0309387659
-1.6118478982            NA  0.5919620158  1.3271560300  0.9307199973 -1.5322615043 -0.8710909689 -0.9304938850 -0.4818344331  1.1825101176
-1.3750588333  1.0000000000 -0.4825967880  0.1885151124  0.5927397375  1.1784178937 -0.3780759922  1.6265360195  0.9578015312 -2.5033886994
 0.6375061964  1.0000000000 -0.3462160165  0.1289723424 -0.4142015504  0.2117377909 -1.0170585853 -1.0526041001  1.8419152150 -1.1270469024
-0.3201060551  1.0000000000 -0.7944356626  1.0990816566  1.5146860697 -0.4623683604 -0.1988086117  1.2817868264  0.2436885850  1.2931459455
 0.4497822470  0.0000000000 -0.9029004771 -1.1569582968  1.1726237001  0.5181466276  1.4865442270  1.5167452889 -1.9834203744  0.0104979945
-1.2202365763  0.0000000000  0.0783158831  0.6306761084 -1.3070319573 -0.3080714144  0.1528848487  0.8602801622  0.1477055818  1.0447980205
-0.6625861011  1.0000000000 -1.3991193150 -0.6805048047  0.2349709763  0.5458738731  0.1935399393 -1.6845917710 -0.6753980528  1.2484001155
 0.5704331420  0.0000000000 -0.0401138041 -0.5938426419 -0.3004072412 -0.4874967764  0.0242642568  0.4336496727  0.2947550789  1.0369239008
 0.7274224307  0.0000000000  0.7996949577  0.1159115744 -0.4844714449 -0.2275877950 -0.2601671217  0.3118344342  1.2795081221 -0.3070493471
 1.0399021637  1.0000000000 -1.2339023315 -0.3384457176  1.2197679711  0.8991362880 -0.0157554034  0.0516017659  0.8207311209 -1.7338222586
 1.4111927286  0.0000000000  0.3598104949 -0.8724619460 -0.8762714852 -0.0389906882 -0.8825770439 -0.9574925059  1.5551155208  0.1357421805
 0.9659129236  0.0000000000 -1.2825998172  0.3830432260  1.4356581035 -0.2368379359  0.9970034543  1.1455686552 -0.0238339163  2.0835707273
-0.2636693472  0.0000000000 -1.6692223458 -1.8103062772  0.5843285590 -0.9390598849 -0.4861738920  1.3039552525  0.5860956694 -0.1474131339
-0.5172228820  1.0000000000 -1.8955175544  0.4531100170  0.8270727767  0.4548035607  1.0398771249  0.5180089746  0.1467795685  0.4735043390
 0.1518162567  0.0000000000  0.1232641539  0.9592903732 -0.8133526212 -0.0281013095 -0.3037960980  0.1050144759 -0.5615115598 -0.9254173995
-0.5225985591  1.0000000000  0.4218593500  0.6011053303  1.8101025866  1.5924227680  0.0121985197 -0.3648084784 -1.8869914874  1.2482043271
-0.9189835329  0.0000000000 -2.1976583172  0.7332286840 -0.2113626124 -0.6348427705 -0.0057878597 -0.9730735423  1.0354265621  1.0992709057
 0.2888611810  0.0000000000  0.7890576674 -1.7399509377 -0.1369216536 -0.9889657951 -0.3060846481  1.1992997725  0.1320641572 -1.1476600564
 1.2181912625  1.0000000000  0.0833539643 -1.8112432855 -1.0272328262 -0.3232526525 -0.9303258642  1.0919026773 -1.7233261659 -0.4775106959
-0.2877891360  0.0000000000  1.1480669988 -0.6971341016 -0.8158464277 -1.2911846113 -0.0060592800  1.5447875442 -1.4775993150 -0.3487794500
-0.1258575221  1.0000000000  1.7775353602 -0.0762608530 -1.5280271241  1.3083300680 -0.7488629035  0.3560126829 -0.7092174075  0.1260738118
-1.3013371687  1.0000000000 -0.4731068899  1.7313710209 -0.4610402477  0.6006319332  0.8680303772 -0.4301711688 -0.3755999497 -0.4886967384
 0.5411651587  0.0000000000 -1.2186019650  0.4309206693  0.0270562243 -2.2880638902 -0.3336337334 -0.5395283563 -0.0510889099 -0.3858952464
 0.8443859743  1.0000000000 -0.9100460388 -0.2330378243  0.3446792454 -0.7228330999 -0.6788730344 -2.8162847165  0.5479554187  1.4850222748
 0.3887049309  1.0000000000 -2.4502402351  0.2662418182 -0.5355656384 -1.1986887586 -0.3234510737  0.4566458293 -0.7340494338 -0.5905820077
 0.9692323241  0.0000000000  1.1139180607  1.3813765326 -0.1564604374 -0.4651017384 -0.0098696314 -0.8450143896 -1.0902172812 -0.1443777009
 2.4587194395  0.0000000000 -0.9066172010 -0.6116724117  0.2863740517 -1.7920750649  0.0355046820 -0.1681933086 -0.9980721680  0.6135115854
 1.7903288776  1.0000000000 -1.0368506788  1.5101881016  0.4007144882  0.8646599773  2.2640352000  1.2421558705 -0.5410982451 -0.6949274864
-0.6114492420  0.0000000000  0.5730494603  0.7846362511  0.3130873116  0.9865697391  0.5514366163  0.9047741934  0.0415794402  0.0481059891
-1.0763576577  1.0000000000 -0.9284301334 -1.1055856666  0.3442824262 -0.6151571131  0.6300993275 -0.7504107974 -2.3214515420 -0.9804263784
 0.0454355090  0.0000000000  0.0205776815  0.8675703679  0.4355891236 -1.1988316819  1.1501477561 -2.2730737982 -0.3584937581  0.7701844355
-0.4353932242  1.0000000000 -0.1033263816 -0.3881561091 -0.2851382183  0.0531247727  0.0977917113  0.1538706289  0.7491658115 -1.0469488509
-1.4055923278  1.0000000000  1.0311195324 -0.2980604461 -1.6242850218 -1.2710973016  0.7502200947  0.0984189287 -0.0814617194 -2.1813785650
 0.0353519479  1.0000000000  1.1410643612  0.1242935992  1.8869360530  0.8983664718  0.2680294897  1.1211992042  0.8481707036  0.7503095509
 0.5288216064  1.0000000000 -0.1630741203 -1.6550189119  2.0290722484  0.1982368909 -0.3255733874  1.8500262981 -0.5009224750 -0.9350582371
 1.6314736134  0.0000000000  0.8321942356 -0.5309627783 -0.0437834068 -0.2537700257 -1.1089107930 -0.1844766239 -1.0709888011 -0.2824570669
 1.4772211487  1.0000000000  0.4273232333 -0.3206543822  0.5456639403  0.3193958647  0.1811756698  0.7416761562  0.6989601203  0.4076594114
 0.3347155310  0.0000000000 -1.5712960653  1.9289892647  0.5256350544 -0.3997583466 -1.0263613040 -0.5550843853 -1.1739452000 -0.1524861176
 0.7727539867  0.0000000000 -0.4836575930  0.4688490925  1.7890597013  0.1192649120 -0.5543395807  1.6166837913 -0.5477814156 -0.6172089236
 0.7020176281  1.0000000000 -1.8220251546 -2.0831416216  0.4743425634  0.0283359711  1.0586187611  0.2121243122 -0.6611020917 -2.0142639515
-0.1262287932  1.0000000000  1.6763811506  1.2543602808 -0.8849285756  0.8489913753  0.0325777624 -1.3074493460 -0.5329743423 -0.4488853416
-0.2945990926  1.0000000000  0.6237647918 -1.5831923175  1.6342639290  0.2874809761  0.1890657225  0.1299618985  0.5878561035  0.5209425046
-0.9224107668  0.0000000000  1.3243367367 -0.7343695460  0.2456598019  1.3982763074 -0.1079571088 -1.5917589555 -0.2790509315 -1.2232939283
-1.0301015992  0.0000000000  1.1259365934 -0.6237164042  0.7380861736  0.7600701260  0.5759764081  0.1051316216  1.0658646268 -0.1160323530
-0.3856572800  0.0000000000  0.5331292368  0.0646204380 -0.9035519906 -0.7380757518 -0.8166086064 -1.2403030557  1.8845528350 -1.0997932974
-0.3329805455  1.0000000000 -1.0070677362  0.8584128361 -2.1748659543  0.5291858260 -0.8846086958  0.3351541192 -1.5383354458 -0.1708228975
-0.6512071992  1.0000000000 -1.3073911805 -0.4906545322 -0.6420124186 -0.1788893376  0.1072729599  0.1628293017 -0.6271445140  0.1186617948
 0.1653547533  0.0000000000  0.0269848724  1.2753837554 -0.0602377644 -0.3589618501 -0.2161975283 -0.0425849287  1.0856074061  0.0944215219
-0.0436108253  0.0000000000  0.9594582569 -0.2834776054 -0.0264583255  0.6628343021  0.0384526362  0.1786770165 -0.6847035605 -0.0166761238
 1.5168635599  0.0000000000  2.0643467992  0.4283713640 -0.6576529620  0.0644989947  0.8713303186  0.0341490377 -0.9918513237  0.8215988477
 0.7685495747  0.0000000000  0.1862906963  0.3219544089  0.1054437716 -1.8933787239 -0.9673655958 -0.3470390692 -0.5973615403 -1.1131230104
-0.7872279236  1.0000000000 -0.4586337204  0.4499855884 -0.7001842467 -0.1130035558 -2.0956032615  1.4893918253  0.2276522625 -0.2409360118
 1.5004112069  0.0000000000 -0.2245236395  0.4163752192  0.7101711062  0.3495129719 -1.3045222506  0.3698829866 -1.0165120012 -0.5535859301
 2.4477724278  0.0000000000  0.0326420727 -0.1417104371  0.0664521433 -1.7378951575  0.1384047864 -1.2897591464  0.2698659914 -0.2319894720
-0.5382834737  0.0000000000 -0.8720918750 -1.2799060164 -0.8020382496 -0.0279849787  0.1191045097  1.1438116931 -0.9444994106 -0.8840741379
 0.7742206917  1.0000000000  1.0052991155 -0.1946289847 -0.3953125259 -2.1584330937  0.2886511475  0.2267824817 -0.5304955250 -1.3414226572
-1.2291068577  0.0000000000  0.6461589371  0.5705242294 -1.3228534044 -0.1018385683  0.5998432465 -1.0438781656  0.1286508451  0.5069624616
-0.9392894390  0.0000000000  0.1883129270 -0.6140364848  0.1631755541  1.5639876488 -0.6671666181  1.3320667935  0.5035515184 -0.1667620633
-0.5887491890  1.0000000000  2.1513288798  1.6384791711  1.2441382344  0.0229854998  0.1317847280  0.6589797278  1.9932220276  0.4940959094
-1.0482093789  1.0000000000  0.7068648983  0.5699115427 -0.2847817252 -0.6048910693  0.6629879933  1.4710422718  0.4863109227 -0.3757526142
 0.3031055967  1.0000000000  2.3734359446 -1.4134597740  1.3674032635  0.9086997532  0.3720826755 -0.9556931760 -0.1854037657 -0.6880681327
-0.0722531195  1.0000000000 -0.2319894585  0.3520874267  0.3273928341 -1.9055361190 -0.1338000004  1.8478853408 -0.3798747005 -2.6751307680
 0.8768260524  1.0000000000  1.9521767728  0.0230665562  0.7015336004  0.4029740777  1.7852613896  0.1162280702 -1.3054210269  0.0632637879
-1.3335909668  1.0000000000 -0.1603466659  1.3327044689 -1.1268659011  0.2870591244  1.4137589021  0.0793809944 -1.2428126377 -0.4804600799
-0.2781339492  1.0000000000  0.1267427898 -0.7334467035  0.1602412219  0.9161865385  0.2057709750 -0.7758876368  0.2257636327 -0.4463616782
 0.2037429096  1.0000000000  0.5442521604 -0.7557130613 -0.2866388535 -0.0993310392 -1.1399351543  1.7311960348  1.1352110345  1.0879427347
-1.3469286692  0.0000000000 -0.1145513527  0.5213220211 -0.4136217307  1.4034274352 -0.2900702533 -1.2371976190  0.0673659728  2.0217860069
 0.9713167231  1.0000000000 -0.5933193030 -0.1954946750 -1.1795929076  0.6794067633  0.3423362480  1.4096637663 -0.2146273288  1.1146965803
 1.7309891790  0.0000000000 -1.9935774592 -0.1261354794  0.3142117462  1.2350046423 -0.0605719161  0.0777184072  1.9961623240  0.6049927466
 1.9116769115  1.0000000000 -2.7880810196  0.3034425778 -1.3273472464  0.2016212627 -1.6964627929 -1.2800040580  0.6355517177 -1.3022963545
-0.3835603382  0.0000000000  0.2266974848 -0.0129005329  1.0017626174  0.0002699817  0.5479513370 -0.1186946298 -0.3758459828  0.1845194508
-1.0103327397  0.0000000000  0.2019597113  0.9445818600  0.1721593995 -0.3193577872  2.4099890419  0.2573425739  1.5064895682 -0.0113655565
-0.4104382543  1.0000000000  0.4107863172 -0.7785084226 -0.2729520722 -0.8511654779 -0.3198910463  0.4615895510 -0.0217085127 -1.6861694813
 0.6735849865  1.0000000000 -0.0999204239  0.1052561227 -0.1084679093 -0.7414764745  1.5170695851 -0.3385167307  0.0035546443  0.6520066819
-0.0246752342  1.0000000000  0.1196572205 -0.0774583673 -1.6916450192  1.0910246900  0.5299992888  0.4991063298  1.3562124931 -0.8030217284
-0.0937408048  1.0000000000  1.8032940097 -1.0645463262 -0.1282435660 -0.5318059969  0.2903638845  2.2674058484 -1.0069834137 -2.2873948378
 1.1899809737  1.0000000000  1.7282802754 -0.1704008109  0.0633708663 -1.6422381247 -1.4189865142 -0.0514766913 -1.0777055504 -0.5976963755
 2.5378609282  1.0000000000 -0.6212052330  0.4349290737  0.6116683839  0.0494893231 -0.4962606049 -0.1299107972 -0.2568670379  0.7544416894
 0.5889616475  0.0000000000  0.2141684516  0.2661807462 -0.4792049455  0.6229569092  0.1658316434 -1.6461316841  0.7190833147 -0.8636178510
-0.4894015412  1.0000000000  1.2272667486  1.1143925061  0.5458595727 -0.1335486182 -0.2668569385 -0.8398896904  2.2694207431 -1.0698106783
-0.6750717084  1.0000000000  1.2896559316 -1.9595506881  0.3455917687  0.8566843444 -1.2109461389 -0.5642714382  0.3183549268  0.2634707904
